Accuracy: 0.9343832020997376

Describe Statistics:
       Area Integer  Perimeter Real  Major_Axis_Length Real  Minor_Axis_Length Real  EccentricityReal  Convex_AreaInteger  Extent Real        Class
count   3810.000000     3810.000000             3810.000000             3810.000000       3810.000000         3810.000000  3810.000000  3810.000000
mean   12667.727559      454.239180              188.776222               86.313750          0.886871        12952.496850     0.661934     0.572178
std     1732.367706       35.597081               17.448679                5.729817          0.020818         1776.972042     0.077239     0.494828
min     7551.000000      359.100006              145.264465               59.532406          0.777233         7723.000000     0.497413     0.000000
25%    11370.500000      426.144752              174.353855               82.731695          0.872402        11626.250000     0.598862     0.000000
50%    12421.500000      448.852493              185.810059               86.434647          0.889050        12706.500000     0.645361     1.000000
75%    13950.000000      483.683746              203.550438               90.143677          0.902588        14284.000000     0.726562     1.000000
max    18913.000000      548.445984              239.010498              107.542450          0.948007        19099.000000     0.861050     1.000000